0 694.0 426.3
1 768.0 514.4
2 778.0 600.05
3 778.0 579.95
4 778.0 604.95
5 778.0 610.5
6 778.0 639.65
7 782.0 663.35
8 782.0 653.45
9 802.0 663.4
10 802.0 605.55
11 802.0 549.7
12 802.0 586.9
13 817.0 606.55
14 817.0 579.5
15 817.0 557.85
16 822.0 630.95
17 822.0 628.95
18 822.0 621.5
19 822.0 672.15
20 823.0 645.4
21 823.0 600.1
22 823.0 603.3
23 823.0 638.65
24 823.0 700.55
25 823.0 623.6
26 823.0 601.85
27 823.0 589.1
28 823.0 623.55
29 845.0 639.6
30 847.0 646.25
31 847.0 679.15
32 847.0 676.85
33 847.0 653.75
34 847.0 685.25
35 847.0 677.2
36 847.0 709.65
37 847.0 687.85
38 847.0 694.7
39 847.0 659.25
40 847.0 582.3
41 847.0 630.1
42 847.0 619.45
43 847.0 557.0
44 847.0 506.25
45 847.0 587.4
46 847.0 595.2
47 847.0 537.1
48 847.0 512.75
49 847.0 614.15
50 847.0 622.65
51 847.0 625.2
52 847.0 565.15
53 847.0 611.8
54 847.0 581.4
55 847.0 635.4
56 847.0 556.8
57 847.0 598.9
58 847.0 652.3
59 847.0 658.95
60 847.0 689.8
61 847.0 641.1
62 847.0 665.0
63 847.0 700.05
64 851.0 671.35
65 851.0 657.75
66 851.0 674.25
67 851.0 685.0
68 851.0 684.85
69 851.0 687.9
70 851.0 690.9
71 851.0 706.0
72 851.0 674.1
73 851.0 716.3
74 851.0 713.85
75 851.0 699.2
76 851.0 664.5
77 851.0 670.45
78 851.0 615.1
79 851.0 632.75
80 851.0 682.25
81 851.0 646.7
82 851.0 621.0
83 851.0 650.0
84 851.0 620.5
85 851.0 631.65
86 851.0 573.2
87 851.0 664.1
88 851.0 680.7
89 851.0 691.45
90 854.0 643.65
91 854.0 643.7
92 854.0 671.05
93 854.0 632.4
94 854.0 620.15
95 854.0 662.9
96 854.0 645.25
97 854.0 647.55
98 854.0 632.1
99 854.0 653.0
