0 759.0 387.45
1 759.0 394.0
2 759.0 510.65
3 759.0 553.65
4 769.0 610.7
5 769.0 594.2
6 769.0 555.95
7 769.0 547.8
8 769.0 613.75
9 786.0 598.45
10 786.0 610.4
11 786.0 667.9
12 786.0 676.45
13 786.0 624.95
14 820.0 628.2
15 820.0 621.85
16 820.0 588.55
17 820.0 606.65
18 820.0 602.85
19 820.0 549.85
20 820.0 567.65
21 820.0 531.6
22 820.0 586.15
23 820.0 554.5
24 820.0 604.05
25 820.0 581.55
26 820.0 541.35
27 820.0 556.8
28 820.0 570.3
29 820.0 599.4
30 820.0 601.2
31 820.0 586.35
32 820.0 617.5
33 820.0 646.05
34 820.0 634.75
35 820.0 600.7
36 820.0 651.45
37 820.0 642.45
38 820.0 643.2
39 820.0 642.0
40 820.0 611.0
41 820.0 600.7
42 820.0 591.15
43 820.0 642.7
44 820.0 663.0
45 820.0 674.75
46 820.0 677.9
47 843.0 635.35
48 843.0 685.75
49 843.0 677.9
50 843.0 672.65
51 843.0 593.6
52 843.0 636.0
53 843.0 635.4
54 843.0 675.75
55 843.0 605.6
56 843.0 606.5
57 843.0 588.45
58 848.0 568.6
59 848.0 520.05
60 848.0 644.95
61 848.0 600.85
62 848.0 669.55
63 848.0 649.55
64 848.0 627.8
65 848.0 679.2
66 848.0 681.45
67 848.0 686.15
68 848.0 675.95
69 848.0 663.0
70 848.0 657.6
71 848.0 696.9
72 848.0 662.1
73 848.0 706.65
74 848.0 659.05
75 848.0 656.8
76 848.0 625.8
77 848.0 649.9
78 848.0 662.0
79 848.0 649.5
80 848.0 686.7
81 848.0 663.3
82 848.0 691.15
83 848.0 641.15
84 848.0 646.1
85 848.0 584.6
86 848.0 625.65
87 848.0 622.75
88 848.0 632.35
89 848.0 613.05
90 848.0 656.75
91 848.0 651.05
92 848.0 685.7
93 848.0 668.55
94 848.0 620.7
95 848.0 715.45
96 848.0 662.6
97 848.0 633.05
98 848.0 627.2
99 848.0 600.25
100 848.0 631.6
101 848.0 570.0
102 848.0 520.15
103 848.0 603.3
104 848.0 624.45
105 848.0 614.7
106 848.0 622.95
107 848.0 654.7
108 848.0 621.45
109 848.0 549.5
110 848.0 613.2
111 848.0 642.15
112 848.0 631.85
113 848.0 603.35
114 848.0 571.4
115 848.0 548.75
116 848.0 628.35
117 848.0 608.2
118 848.0 636.5
119 848.0 644.85
120 848.0 649.5
121 848.0 632.45
122 848.0 638.8
123 848.0 664.45
124 848.0 673.35
125 848.0 717.5
126 848.0 627.45
127 848.0 654.85
128 848.0 661.95
129 848.0 626.95
130 848.0 670.95
131 848.0 723.9
132 848.0 651.1
133 848.0 681.75
134 848.0 638.15
135 848.0 646.1
136 848.0 701.95
137 848.0 634.55
138 848.0 667.6
139 848.0 617.75
140 848.0 556.2
141 848.0 659.45
142 848.0 622.35
143 848.0 666.0
144 848.0 672.75
145 848.0 629.0
146 848.0 630.5
147 848.0 672.0
148 848.0 668.4
149 848.0 663.8
150 848.0 629.9
151 848.0 628.55
152 848.0 617.95
153 848.0 668.3
154 848.0 663.65
155 848.0 640.95
156 848.0 647.35
157 848.0 616.05
158 848.0 619.85
159 848.0 671.05
160 848.0 669.4
161 848.0 631.55
162 848.0 684.15
163 848.0 652.85
164 848.0 654.85
165 848.0 628.2
166 848.0 589.8
167 848.0 647.45
168 848.0 660.85
169 848.0 610.0
170 848.0 645.0
171 848.0 593.75
172 848.0 590.0
173 848.0 622.95
174 848.0 628.75
175 848.0 597.7
176 848.0 636.65
177 848.0 657.7
178 848.0 665.0
179 848.0 693.35
180 848.0 655.1
181 848.0 601.25
182 848.0 589.3
183 848.0 613.35
184 848.0 614.9
185 848.0 604.4
186 848.0 635.95
187 848.0 707.3
188 848.0 719.45
189 848.0 722.3
190 848.0 640.1
191 848.0 614.2
192 848.0 678.05
193 848.0 591.45
194 848.0 656.45
195 848.0 654.05
196 848.0 625.85
197 848.0 656.7
198 848.0 613.2
199 848.0 627.3
200 848.0 696.95
201 848.0 625.9
202 848.0 630.7
203 848.0 691.35
204 848.0 669.5
205 848.0 615.6
206 848.0 605.5
207 848.0 628.55
208 848.0 620.6
209 848.0 615.3
210 848.0 588.4
211 848.0 662.0
212 848.0 647.8
213 848.0 622.85
214 848.0 594.85
215 848.0 609.1
216 848.0 686.2
217 848.0 685.65
218 848.0 633.5
219 848.0 568.1
220 848.0 643.9
221 848.0 639.2
222 848.0 662.55
223 848.0 672.75
224 848.0 693.9
225 848.0 733.8
226 848.0 667.85
227 848.0 664.5
228 848.0 646.25
229 848.0 601.55
230 848.0 587.05
231 848.0 615.2
232 848.0 643.3
233 848.0 660.9
234 848.0 612.5
235 848.0 639.8
236 848.0 660.8
237 848.0 690.35
238 848.0 687.9
239 848.0 645.35
240 848.0 611.65
241 848.0 633.7
242 848.0 584.6
243 848.0 617.5
244 848.0 635.95
245 848.0 707.1
246 848.0 698.4
247 848.0 673.0
248 848.0 672.2
249 848.0 636.4
250 848.0 685.45
251 848.0 650.65
252 848.0 594.6
253 848.0 683.45
254 848.0 654.45
255 848.0 624.8
256 848.0 576.15
257 848.0 614.95
258 848.0 675.55
259 848.0 612.15
260 848.0 647.7
261 848.0 675.35
262 848.0 650.95
263 848.0 647.4
264 848.0 661.1
265 848.0 633.75
266 848.0 665.95
267 848.0 593.9
268 848.0 655.3
269 848.0 638.95
270 848.0 635.6
271 848.0 660.9
272 848.0 725.75
273 848.0 674.25
274 848.0 721.2
275 848.0 681.6
276 848.0 664.95
277 848.0 695.85
278 848.0 686.0
279 848.0 674.65
280 848.0 632.65
281 848.0 642.5
282 848.0 658.4
283 848.0 671.65
284 848.0 674.4
285 848.0 678.1
286 848.0 666.2
287 848.0 628.5
288 848.0 595.85
289 848.0 590.1
290 848.0 678.95
291 848.0 621.35
292 848.0 646.4
293 848.0 632.9
294 848.0 667.15
295 848.0 609.15
296 848.0 647.75
297 848.0 662.65
298 848.0 639.6
299 848.0 630.85
300 848.0 687.25
301 848.0 687.85
302 848.0 672.2
303 848.0 650.75
304 848.0 609.25
305 848.0 644.3
306 848.0 690.05
307 848.0 631.1
308 848.0 611.55
309 848.0 586.6
310 848.0 611.95
311 848.0 602.45
312 848.0 640.15
313 848.0 600.05
314 848.0 613.5
315 848.0 596.3
316 848.0 616.2
317 848.0 672.95
318 848.0 673.2
319 848.0 671.35
320 848.0 695.6
321 848.0 671.55
322 848.0 547.7
323 848.0 625.25
324 848.0 649.7
325 848.0 617.1
326 848.0 659.15
327 848.0 678.5
328 848.0 642.7
329 848.0 642.45
330 848.0 636.6
331 848.0 629.0
332 848.0 660.85
333 848.0 640.45
334 848.0 678.65
335 848.0 648.4
336 848.0 698.05
337 848.0 662.35
338 848.0 653.7
339 848.0 624.7
340 848.0 663.05
341 848.0 619.65
342 848.0 606.6
343 848.0 607.15
344 848.0 655.6
345 848.0 643.3
346 848.0 656.6
347 848.0 632.9
348 848.0 574.95
349 848.0 618.15
350 848.0 640.1
351 848.0 689.6
352 848.0 631.35
353 848.0 653.05
354 848.0 670.9
355 848.0 641.35
356 848.0 626.1
357 848.0 635.0
358 848.0 589.05
359 848.0 653.6
360 848.0 686.75
361 848.0 591.15
362 848.0 641.3
363 848.0 690.7
364 848.0 659.95
365 848.0 650.95
366 848.0 631.7
367 848.0 672.3
368 848.0 669.4
369 848.0 678.05
370 848.0 675.8
371 848.0 660.4
372 848.0 677.3
373 848.0 674.9
374 848.0 640.55
375 848.0 662.75
376 848.0 608.0
377 848.0 623.85
378 848.0 581.0
379 848.0 656.2
380 848.0 654.0
381 848.0 671.7
382 848.0 701.2
383 848.0 647.55
384 848.0 601.35
385 848.0 640.0
386 848.0 620.75
387 848.0 562.55
388 848.0 605.45
389 848.0 621.2
390 848.0 626.45
391 848.0 589.6
392 848.0 624.5
393 848.0 626.65
394 848.0 642.95
395 848.0 615.65
396 848.0 623.35
397 848.0 620.5
398 848.0 606.0
399 848.0 645.8
400 848.0 593.05
401 848.0 637.5
402 851.0 675.75
403 851.0 670.2
404 851.0 612.85
405 851.0 616.95
406 851.0 592.35
407 851.0 540.3
408 851.0 619.7
409 851.0 588.35
410 851.0 689.65
411 851.0 685.0
412 851.0 731.0
413 851.0 682.6
414 851.0 679.35
415 851.0 645.6
416 851.0 600.35
417 851.0 655.35
418 851.0 622.75
419 851.0 626.1
420 851.0 613.65
421 851.0 666.45
422 851.0 637.9
423 851.0 633.25
424 851.0 594.05
425 851.0 604.2
426 851.0 577.35
427 851.0 637.6
428 851.0 634.7
429 851.0 684.5
430 851.0 577.05
431 851.0 497.75
432 851.0 562.0
433 851.0 617.2
434 851.0 658.5
435 851.0 560.8
436 851.0 602.05
437 851.0 595.1
438 851.0 572.9
439 851.0 558.5
440 851.0 541.5
441 851.0 557.3
442 851.0 542.85
443 851.0 554.3
444 851.0 534.05
445 851.0 616.05
446 851.0 562.3
447 851.0 538.05
448 851.0 518.75
449 851.0 577.2
450 851.0 572.3
451 851.0 600.8
452 851.0 602.9
453 851.0 642.45
454 851.0 587.1
455 851.0 550.25
456 851.0 534.4
457 851.0 531.6
458 851.0 651.45
459 851.0 679.0
460 851.0 638.3
461 851.0 702.1
462 851.0 651.35
463 851.0 593.15
464 851.0 635.4
465 851.0 635.65
466 851.0 655.5
467 851.0 618.25
468 851.0 664.8
469 851.0 627.25
470 851.0 610.1
471 851.0 691.75
472 851.0 603.1
473 851.0 586.4
474 851.0 510.95
475 851.0 609.15
476 851.0 573.15
477 851.0 599.85
478 851.0 664.9
479 851.0 673.7
480 851.0 646.0
481 851.0 618.2
482 851.0 616.8
483 851.0 645.15
484 851.0 543.7
485 851.0 591.25
486 851.0 683.15
487 851.0 598.2
488 851.0 659.5
489 851.0 678.25
490 851.0 625.05
491 851.0 666.2
492 851.0 611.1
493 851.0 595.5
494 851.0 638.1
495 851.0 650.3
496 851.0 633.95
497 851.0 683.85
498 851.0 652.8
499 851.0 668.6
